
# Please make this file available to others
# by sending it to <lirc@bartelmus.de>
#
# this config file was automatically generated
# using lirc-0.9.0-pre1(default) on Mon Nov  2 21:46:16 2015
#
# contributed by 
#
# brand:                       sony.conf
# model no. of remote control: 
# devices being controlled by this remote:
#

begin remote

  name  sony
  flags RAW_CODES|CONST_LENGTH
  eps            30
  aeps          100

  gap          44777

      begin raw_codes

          name KEY_POWER
             2471     521    1253     545     672     527
             1272     570     578     575    1271     527
              626     573     667     533     623     574
              671     527     675     523     670     529
             1274     525     714     486    1222     574
              673

          name KEY_1
             2443     553     650     591     607     548
              651     547     680     519     652     546
              651     548     652     546     652     547
              651     547     652     547     652     547
             1250     547     652     547     738     461
              712     486     651     547    1251     547
              657     586     607     547     651

          name KEY_2
             2445     548    1250     548     651     591
              608     548     649     549     650     547
              682     517     683     561     606     548
              651     547     656     588     637     518
             1247     594     636     518     650     548
              682     517     680     518    1297     501
              684     516     680     519     680

          name KEY_3
             2446     549     651     546    1250     593
              637     561     607     548     649     593
              606     549     649     549     651     552
              677     518     650     550     648     549
             1279     519     678     520     649     550
              649     549     650     553    1245     549
              712     486     680     519     650

          name KEY_4
             2455     534    1269     529    1197     600
              619     580     619     579     621     578
              620     624     574     579     619     580
              616     582     620     580     618     580
             1260     586     616     579     620     533
              599     645     682     516    1172     582
              618     580     661     538     619

          name KEY_5
             2441     594     605     549     681     562
             1236     517     680     564     603     595
              604     551     648     550     648     550
              649     595     634     520     678     520
             1247     550     682     518     678     519
              649     550     678     520    1248     549
              681     521     677     519     650

          name KEY_6
             2445     548    1250     546     653     546
             1252     547     651     547     652     547
              651     549     650     591     607     548
              682     516     651     547     651     548
             1251     546     683     561     607     547
              652     547     651     548    1250     547
              681     517     652     547     651

          name KEY_7
             2473     518     681     562    1255     543
             1250     503     652     593     605     548
              681     518     681     516     682     516
              682     518     680     563     606     548
             1249     553     647     547     681     518
              681     517     694     504    1283     516
              651     548     651     546     685

          name KEY_8
             2443     548    1251     548    1250     591
             1207     548     649     549     682     516
              651     547     652     548     651     551
              647     547     652     546     651     549
             1250     592     607     547     682     516
              651     548     651     551    1295     499
              652     547     651     548     651

          name KEY_9
             2447     548     652     546     650     549
              650     547    1280     564     605     593
              606     593     605     548     681     518
              683     514     650     551     707     492
             1247     550     649     594     605     549
              649     550     679     564    1235     518
              680     517     650     550     681

          name KEY_0
             2452     541    1251     546     653     547
              652     591    1206     547     682     517
              699     498     735     468     649     545
              653     592     607     546     653     544
             1253     547     652     591     608     545
              657     543     651     546    1253     545
              653     547     651     547     701

          name KEY_UP
             2482     510     654     545     653     546
              653     545    1253     545    1405     393
             1252     546    1288     508     627     573
              685     514     685     513     685     514
             1252     546     653     546     653     545
              686     512     653     544    1286     515
              623     573     719     481     653

          name KEY_LEFT
             2468     521     630     615    1183     570
              629     571    1226     570    1228     569
             1228     570    1229     570     628     571
              627     570     634     565     629     570
             1254     544     628     570     629     570
              628     570     630     570    1227     573
              626     569     629     570     628

          name KEY_RIGHT
             2430     566    1228     569    1282     516
              629     568    1230     569    1228     570
             1233     610    1183     570     629     568
              631     569     629     615     584     569
             1229     613     586     567     656     544
              629     569     630     569    1229     568
              630     571     627     570     629

          name KEY_DOWN
             2426     614    1183     570     629     569
              630     568    1228     571    1233     565
             1228     570    1228     570     681     516
              630     570     629     569     629     570
             1232     566     628     571     629     569
              628     571     629     568    1229     569
              630     570     630     568     629

          name KEY_CHANNELUP
             2420     570     629     570    1228     570
              629     570     628     571    1245     552
              629     570     651     547    1231     565
              631     574     625     571     627     570
              628

          name KEY_CHANNELDOWN
             2430     564    1228     570    1229     568
              631     569     629     568    1231     572
              626     567     632     567    1253     547
              629     569     629     614     585     570
              628

          name KEY_VOLUMEUP
             2424     569     629     569    1228     570
              629     569     630     569    1229     569
              683     516     630     569     628     616
              585     568     629     569     630     569
             1228     570     629     571    1226     571
              628

          name KEY_VOLUMEDOWN
             2426     567    1230     569    1229     614
              584     614     584     571    1228     567
              632     568     630     618     581     568
              679     518     683     517     630     614
             1184     569     630     569    1229     572
              626

          name KEY_BACK
             2420     569    1229     568     631     570
             1227     570    1232     564    1230     570
             1228     569    1229     570     628     570
              674     525     671     525     635     566
             1228     569     630     569     629     570
              629     569     629     570    1229     614
              583     575     625     569     629

          name KEY_OPTION
             2424     571    1227     569    1227     616
              584     571     628     574    1221     572
             1229     614    1184     568     631     568
              630     614     584     570     629     573
             1225     614     584     569     630     569
              629     570     629     570    1279     520
              627     615     588     564     631

          name KEY_HOME
             2424     572    1227     570    1227     570
             1228     569     630     570     630     568
              629     569     630     568     630     615
              583     570     630     569     629     569
             1229     615     590     563    1229     569
             1229

          name KEY_MUTE
             2437     603     585     568     630     569
             1225     573     629     570    1229     568
              629     570     629     619     580     569
              630     568     630     569     630     569
             1227     571     629     570    1228     569
              634

          name KEY_OK
             2426     568     629     570     629     614
             1184     570    1226     571    1229     568
             1229     570    1277     564     586     614
              585     568     630     614     585     569
             1228     572     627     614     585     570
              629     570     628     570    1228     569
              630     569     630     570     629

          name KEY_PLAY
             2425     570     629     619    1179     568
              630     570     629     569     630     568
              629     570     630     568     631     568
              630     569     630     568     656     588
             1184     569     629     570    1229     569
             1228

          name KEY_PAUSE
             2426     567    1228     569     631     568
              630     570     629     568     630     570
              629     614     584     571     627     570
              630     569     630     569     629     569
             1280     518     656     543    1228     570
             1229

          name KEY_STOP
             2426     573     625     569     629     569
              630     569     630     568     630     569
              629     569     630     570     629     569
              630     568     632     568     655     543
             1229     569     630     569    1228     570
             1229

      end raw_codes

end remote
